[[6, 2, 8, 4, 7, 3, 9], 0, 6, 0]
[[3, 2, 4, 8, 7, 6, 9], 0, 2, 0]
[[2, 3, 4, 8, 7, 6, 9], 0, 0, 0]
"0番目は2"
[[6, 2, 8, 4, 7, 3, 9], 0, 6, 1]
[[3, 2, 4, 8, 7, 6, 9], 0, 2, 1]
[[2, 3, 4, 8, 7, 6, 9], 1, 2, 0]
[[2, 3, 4, 8, 7, 6, 9], 1, 1, 0]
"1番目は3"
[[6, 2, 8, 4, 7, 3, 9], 0, 6, 2]
[[3, 2, 4, 8, 7, 6, 9], 0, 2, 2]
[[2, 3, 4, 8, 7, 6, 9], 1, 2, 1]
[[2, 3, 4, 8, 7, 6, 9], 2, 2, 0]
"2番目は4"
[[6, 2, 8, 4, 7, 3, 9], 0, 6, 3]
[[3, 2, 4, 8, 7, 6, 9], 3, 6, 0]
[[3, 2, 4, 6, 7, 8, 9], 3, 4, 0]
[[3, 2, 4, 6, 7, 8, 9], 3, 3, 0]
"3番目は6"
[[6, 2, 8, 4, 7, 3, 9], 0, 6, 4]
[[3, 2, 4, 8, 7, 6, 9], 3, 6, 1]
[[3, 2, 4, 6, 7, 8, 9], 3, 4, 1]
[[3, 2, 4, 6, 7, 8, 9], 4, 4, 0]
"4番目は7"
[[6, 2, 8, 4, 7, 3, 9], 0, 6, 5]
[[3, 2, 4, 8, 7, 6, 9], 3, 6, 2]
[[3, 2, 4, 6, 7, 8, 9], 5, 6, 0]
[[3, 2, 4, 6, 7, 8, 9], 5, 5, 0]
"5番目は8"
[[6, 2, 8, 4, 7, 3, 9], 0, 6, 6]
[[3, 2, 4, 8, 7, 6, 9], 3, 6, 3]
[[3, 2, 4, 6, 7, 8, 9], 5, 6, 1]
[[3, 2, 4, 6, 7, 8, 9], 6, 6, 0]
"6番目は9"
[[18, 35, 76, 23, 49, 42, 31, 12], 0, 7, 0]
[[18, 12, 31, 23, 49, 42, 76, 35], 0, 3, 0]
[[12, 18, 31, 23, 49, 42, 76, 35], 0, 0, 0]
"0番目は12"
[[18, 35, 76, 23, 49, 42, 31, 12], 0, 7, 1]
[[18, 12, 31, 23, 49, 42, 76, 35], 0, 3, 1]
[[12, 18, 31, 23, 49, 42, 76, 35], 1, 3, 0]
[[12, 18, 23, 31, 49, 42, 76, 35], 1, 2, 0]
[[12, 18, 23, 31, 49, 42, 76, 35], 1, 1, 0]
"1番目は18"
[[18, 35, 76, 23, 49, 42, 31, 12], 0, 7, 2]
[[18, 12, 31, 23, 49, 42, 76, 35], 0, 3, 2]
[[12, 18, 31, 23, 49, 42, 76, 35], 1, 3, 1]
[[12, 18, 23, 31, 49, 42, 76, 35], 1, 2, 1]
[[12, 18, 23, 31, 49, 42, 76, 35], 2, 2, 0]
"2番目は23"
[[18, 35, 76, 23, 49, 42, 31, 12], 0, 7, 3]
[[18, 12, 31, 23, 49, 42, 76, 35], 0, 3, 3]
[[12, 18, 31, 23, 49, 42, 76, 35], 1, 3, 2]
[[12, 18, 23, 31, 49, 42, 76, 35], 3, 3, 0]
"3番目は31"
[[18, 35, 76, 23, 49, 42, 31, 12], 0, 7, 4]
[[18, 12, 31, 23, 49, 42, 76, 35], 4, 7, 0]
[[18, 12, 31, 23, 35, 42, 76, 49], 4, 5, 0]
[[18, 12, 31, 23, 35, 42, 76, 49], 4, 4, 0]
"4番目は35"
[[18, 35, 76, 23, 49, 42, 31, 12], 0, 7, 5]
[[18, 12, 31, 23, 49, 42, 76, 35], 4, 7, 1]
[[18, 12, 31, 23, 35, 42, 76, 49], 4, 5, 1]
[[18, 12, 31, 23, 35, 42, 76, 49], 5, 5, 0]
"5番目は42"
[[18, 35, 76, 23, 49, 42, 31, 12], 0, 7, 6]
[[18, 12, 31, 23, 49, 42, 76, 35], 4, 7, 2]
[[18, 12, 31, 23, 35, 42, 76, 49], 6, 7, 0]
[[18, 12, 31, 23, 35, 42, 49, 76], 6, 6, 0]
"6番目は49"
[[18, 35, 76, 23, 49, 42, 31, 12], 0, 7, 7]
[[18, 12, 31, 23, 49, 42, 76, 35], 4, 7, 3]
[[18, 12, 31, 23, 35, 42, 76, 49], 6, 7, 1]
[[18, 12, 31, 23, 35, 42, 49, 76], 7, 7, 0]
"7番目は76"
